0.382292 -0.717661 -15.065339 
0.382292 -1.174380 10.550380 
0.382292 -1.093413 2.414413 
-0.068458 0.599274 -1.598274 
-0.480625 -0.094901 -4.511099 
-0.565125 -0.717661 -2.266339 
-0.444250 -1.174380 -2.921620 
-0.638792 -1.093413 1.717413 
-0.876750 0.293849 -1.617849 
-0.953042 -0.347897 0.363897 
-0.640333 0.797535 -0.798535 
0.033042 0.950653 3.555347 
0.316250 -0.180958 0.180958 
-0.044708 0.233693 -2.183693 
-0.490417 0.730252 -0.730252 
-0.082917 0.599274 -2.843274 
1.029708 -0.094901 4.238901 
1.569417 -0.717661 5.144661 
1.514333 -1.174380 -3.535620 
1.668000 -1.093413 -6.331587 
1.783375 0.293849 -4.265849 
1.773417 -0.347897 12.791897 
1.588667 0.797535 13.476465 
1.281417 0.950653 2.233347 
1.484333 -0.180958 0.180958 
2.217333 0.233693 1.504307 
2.876667 0.730252 -1.649252 
2.350542 0.599274 -2.163274 
1.152792 -0.094901 -0.875099 
0.718458 -0.717661 2.884661 
0.878875 -1.174380 3.594380 
0.474833 -1.093413 4.130413 
-0.037167 0.293849 1.096151 
0.624625 -0.347897 -5.197103 
1.400292 0.797535 2.719465 
1.424250 0.950653 2.566347 
1.588250 -0.180958 3.697958 
1.728542 0.233693 -11.709693 
1.533750 0.730252 -0.723252 
1.681417 0.599274 12.793726 
1.764417 -0.094901 2.783901 
1.612667 -0.717661 -0.199339 
1.551375 -1.174380 10.614380 
2.562792 -1.093413 0.477413 
3.626000 0.293849 0.074151 
3.203125 -0.347897 -0.631103 
2.647833 0.797535 0.145465 
2.559125 0.950653 1.498347 
2.097292 -0.180958 3.294958 
1.652417 0.233693 12.967307 
1.887958 0.730252 0.116748 
2.196375 0.599274 1.804726 
2.928792 -0.094901 0.445901 
3.460625 -0.717661 0.009661 
3.203958 -1.174380 -0.678620 
2.757792 -1.093413 1.093413 
2.291750 0.293849 5.111151 
2.059958 -0.347897 1.733897 
1.858000 0.797535 15.358465 
1.720458 0.950653 -0.950653 
2.010333 -0.180958 -0.416042 
2.237250 0.233693 5.970307 
1.617083 0.730252 -4.071252 
1.186625 0.599274 0.429726 
0.591792 -0.094901 -3.026099 
-0.112917 -0.717661 0.180661 
-0.179792 -1.174380 6.107380 
-0.008208 -1.093413 -0.246587 
0.335667 0.293849 -8.432849 
0.445083 -0.347897 4.946897 
1.185667 0.797535 -2.130535 
2.036333 0.950653 -0.374653 
1.639083 -0.180958 -2.597042 
1.092917 0.233693 12.269307 
1.816333 0.730252 -2.117252 
2.406500 0.599274 1.101726 
2.450333 -0.094901 14.075901 
2.908333 -0.717661 3.494661 
3.677375 -1.174380 -6.740620 
3.858750 -1.093413 -0.506587 
3.478875 0.293849 9.189151 
3.413083 -0.347897 1.488897 
2.953000 0.797535 2.379465 
1.997458 0.950653 6.107347 
1.814708 -0.180958 9.377958 
2.052250 0.233693 4.647307 
1.349708 0.730252 -3.612252 
0.665750 0.599274 1.017726 
0.741250 -0.094901 3.117901 
0.498083 -0.717661 -8.480339 
0.045667 -1.174380 0.848380 
0.074250 -1.093413 -2.394587 
0.493375 0.293849 -5.783849 
0.899625 -0.347897 0.046897 
0.714375 0.797535 5.633465 
1.165667 0.950653 -2.982653 
1.772542 -0.180958 7.609958 
2.237458 0.233693 7.101307 
3.309375 0.730252 3.992748 
4.109333 0.599274 3.162726 
4.711625 -0.094901 -3.473099 
5.180000 -0.717661 8.941661 
5.047250 -1.174380 -2.008620 
4.340667 -1.093413 11.620413 
3.769250 0.293849 5.927151 
3.993667 -0.347897 7.534897 
4.251708 0.797535 12.600465 
3.649042 0.950653 1.291347 
3.563250 -0.180958 0.149958 
3.417792 0.233693 -2.396693 
3.182417 0.730252 -0.223252 
2.712417 0.599274 12.764726 
1.591417 -0.094901 -6.882099 
1.899167 -0.717661 -2.113339 
3.180750 -1.174380 6.987380 
3.968625 -1.093413 -0.866587 
4.712250 0.293849 12.765151 
5.005250 -0.347897 -10.583103 
5.227083 0.797535 3.814465 
6.354250 0.950653 17.463347 
6.847792 -0.180958 14.735958 
6.788167 0.233693 1.926307 
6.354625 0.730252 13.300748 
6.193583 0.599274 6.272726 
6.216750 -0.094901 4.933901 
5.319375 -0.717661 13.122661 
4.247458 -1.174380 3.596380 
3.511083 -1.093413 1.093413 
2.786417 0.293849 0.400151 
2.275083 -0.347897 -2.083103 
2.281750 0.797535 -4.129535 
1.787333 0.950653 3.870347 
1.451125 -0.180958 2.602958 
1.540333 0.233693 -3.613693 
1.556917 0.730252 1.448748 
2.147500 0.599274 5.852726 
2.955750 -0.094901 5.513901 
3.123292 -0.717661 0.676661 
2.861667 -1.174380 7.973380 
2.797958 -1.093413 -1.142587 
3.002917 0.293849 3.034151 
3.219583 -0.347897 9.456897 
3.143667 0.797535 3.728465 
3.124375 0.950653 0.033347 
3.201750 -0.180958 0.160958 
3.824375 0.233693 -2.700693 
4.517875 0.730252 5.454748 
4.286458 0.599274 7.046726 
4.114875 -0.094901 2.497901 
4.344042 -0.717661 3.229661 
4.729875 -1.174380 7.277380 
5.200125 -1.093413 14.496413 
5.197875 0.293849 4.039151 
4.673625 -0.347897 2.897897 
4.180667 0.797535 6.169465 
3.893167 0.950653 3.092347 
3.707542 -0.180958 6.361958 
2.803042 0.233693 2.384307 
1.798958 0.730252 0.315748 
0.970750 0.599274 -0.396274 
-0.416458 -0.094901 -1.890099 
-1.681500 -0.717661 0.717661 
-2.580833 -1.174380 5.334380 
-2.939292 -1.093413 -5.268587 
-2.602250 0.293849 -0.293849 
-2.277333 -0.347897 -12.646103 
-1.996625 0.797535 -11.579535 
-0.994042 0.950653 -9.519653 
-0.465083 -0.180958 -2.610042 
-0.396167 0.233693 2.753307 
0.002667 0.730252 8.035748 
0.231000 0.599274 -0.318274 
0.785875 -0.094901 4.768901 
1.603208 -0.717661 18.120661 
1.982625 -1.174380 0.626380 
2.003625 -1.093413 1.093413 
1.569792 0.293849 2.916151 
1.192083 -0.347897 -10.376103 
1.016042 0.797535 -0.532535 
0.061042 0.950653 -0.950653 
-0.693917 -0.180958 -2.073042 
-0.850208 0.233693 2.720307 
-1.472333 0.730252 -2.343252 
-1.248375 0.599274 0.995726 
-0.403333 -0.094901 -0.770099 
-0.098000 -0.717661 0.739661 
0.431500 -1.174380 -0.111620 
0.658875 -1.093413 -1.919587 
1.261500 0.293849 -9.001849 
1.994583 -0.347897 6.916897 
2.186333 0.797535 2.455465 
2.633042 0.950653 3.389347 
3.110958 -0.180958 6.294958 
3.443208 0.233693 -0.190693 
4.189292 0.730252 15.030748 
5.331042 0.599274 1.215726 
5.588625 -0.094901 3.611901 
5.698625 -0.717661 7.078661 
5.838500 -1.174380 5.019380 
5.910750 -1.093413 0.923413 
5.199583 0.293849 6.061151 
4.477667 -0.347897 19.255897 
5.272250 0.797535 -3.701535 
5.700875 0.950653 12.186347 
5.444875 -0.180958 0.854958 
5.502583 0.233693 6.983307 
5.746792 0.730252 -9.211252 
4.625292 0.599274 8.131726 
3.616500 -0.094901 15.765901 
3.417583 -0.717661 5.211661 
3.065458 -1.174380 0.742380 
3.102500 -1.093413 6.585413 
4.390958 0.293849 6.260151 
5.366583 -0.347897 -7.859103 
4.625542 0.797535 -0.797535 
4.142292 0.950653 4.508347 
4.080208 -0.180958 0.081958 
3.474583 0.233693 8.645307 
2.960042 0.730252 20.049748 
3.531042 0.599274 2.285726 
4.038583 -0.094901 3.826901 
3.965375 -0.717661 5.552661 
3.945125 -1.174380 -1.088620 
3.638917 -1.093413 -6.118587 
2.696792 0.293849 6.615151 
1.665625 -0.347897 5.489897 
1.104625 0.797535 -1.965535 
1.040333 0.950653 3.919347 
1.354667 -0.180958 0.184958 
1.941708 0.233693 1.193307 
2.253208 0.730252 4.890748 
2.058750 0.599274 -7.303274 
2.117875 -0.094901 -0.048099 
2.146167 -0.717661 7.884661 
2.308042 -1.174380 4.123380 
3.296833 -1.093413 2.758413 
3.994000 0.293849 5.214151 
4.440833 -0.347897 2.223897 
4.906417 0.797535 2.719465 
4.858542 0.950653 -0.086653 
4.537208 -0.180958 8.075958 
4.675875 0.233693 17.033307 
4.972792 0.730252 5.782748 
5.423792 0.599274 2.528726 
5.795583 -0.094901 1.293901 
5.815500 -0.717661 5.393661 
5.579625 -1.174380 -1.097620 
4.191708 -1.093413 11.307413 
2.973542 0.293849 3.791151 
2.508958 -0.347897 14.470897 
2.259625 0.797535 -0.604535 
2.107792 0.950653 3.715347 
1.747333 -0.180958 -1.387042 
1.670500 0.233693 -6.813693 
1.710083 0.730252 0.393748 
0.850500 0.599274 -3.232274 
0.297333 -0.094901 1.070901 
0.062958 -0.717661 1.972661 
-0.612417 -1.174380 -6.327620 
-1.171083 -1.093413 14.693413 
-2.055375 0.293849 1.355151 
-2.513208 -0.347897 -3.723103 
-2.513208 0.797535 4.313465 
-2.513208 0.950653 -6.827653 
-2.513208 -0.180958 -7.053042 
-2.513208 0.233693 -14.555693 
-2.513208 0.730252 -13.087252 
-2.513208 0.599274 -0.739274 
