1988.051955 -15.783000 
1988.134092 9.376000 
1988.217324 1.321000 
1988.300831 1.074000 
1988.384337 4.125000 
1988.467843 -5.534000 
1988.552718 -0.798000 
1988.636224 -0.511000 
1988.719730 0.272000 
1988.803236 7.280000 
1988.887016 -1.079000 
1988.971892 3.247000 
1989.052934 -12.588000 
1989.133702 -0.189000 
1989.216934 -1.721000 
1989.300988 2.616000 
1989.383947 5.435000 
1989.468000 4.472000 
1989.553149 2.061000 
1989.636108 -0.456000 
1989.720435 3.175000 
1989.802573 0.586000 
1989.886079 -0.999000 
1989.970954 -4.606000 
1990.051722 -2.984000 
1990.132764 -4.096000 
1990.215723 0.624000 
1990.299776 -1.324000 
1990.383009 0.016000 
1990.466789 -0.001000 
1990.551664 4.506000 
1990.635170 1.278000 
1990.718676 -1.950000 
1990.802456 -2.097000 
1990.884320 -2.244000 
1990.970564 4.144000 
1991.051880 4.427000 
1991.132648 -4.710000 
1991.215333 -7.425000 
1991.298839 -3.972000 
1991.382345 12.444000 
1991.466125 14.274000 
1991.551000 3.184000 
1991.634506 2.461000 
1991.718012 1.738000 
1991.801518 -0.919000 
1991.885025 -1.564000 
1991.969900 -0.970000 
1992.052037 2.167000 
1992.134174 2.420000 
1992.217954 3.037000 
1992.301460 1.390000 
1992.384693 -5.545000 
1992.468473 3.517000 
1992.553074 -1.481000 
1992.636580 -6.478000 
1992.720086 -11.476000 
1992.803592 0.007000 
1992.886825 13.393000 
1992.971700 2.689000 
1993.052742 -0.917000 
1993.133510 9.440000 
1993.217016 -0.616000 
1993.300523 0.368000 
1993.384029 -0.979000 
1993.467535 0.943000 
1993.552410 2.449000 
1993.635916 3.114000 
1993.719696 13.201000 
1993.802928 0.847000 
1993.887804 2.404000 
1993.971584 0.351000 
1994.052352 -0.708000 
1994.132846 -1.853000 
1994.216352 1.776000 
1994.299859 5.405000 
1994.383365 1.386000 
1994.466871 16.156000 
1994.551746 7.780000 
1994.635252 -0.597000 
1994.718758 6.204000 
1994.802265 -3.341000 
1994.885497 1.029000 
1994.970920 -3.121000 
1995.051688 -0.537000 
1995.132182 4.933000 
1995.215688 -1.340000 
1995.299195 -8.139000 
1995.382701 4.599000 
1995.466207 -1.333000 
1995.551082 0.576000 
1995.634862 -2.778000 
1995.718094 12.503000 
1995.801601 -1.387000 
1995.884285 1.701000 
1995.969982 13.981000 
1996.051845 2.777000 
1996.133983 -7.915000 
1996.217762 -1.600000 
1996.301269 9.483000 
1996.384775 1.141000 
1996.468281 3.177000 
1996.553156 7.058000 
1996.636662 9.197000 
1996.720442 4.881000 
1996.803948 -2.882000 
1996.887455 1.617000 
1996.972056 3.023000 
1997.052824 -9.198000 
1997.133592 -0.326000 
1997.217099 -3.488000 
1997.300605 -5.490000 
1997.384111 -0.301000 
1997.467617 6.431000 
1997.552492 -2.032000 
1997.635998 7.429000 
1997.719504 7.335000 
1997.803011 4.723000 
1997.886517 3.762000 
1997.971666 -3.568000 
1998.052434 8.224000 
1998.132928 -3.183000 
1998.216435 10.527000 
1998.299941 6.221000 
1998.383447 7.187000 
1998.466953 13.398000 
1998.551828 2.242000 
1998.635334 -0.031000 
1998.718841 -2.163000 
1998.802347 0.507000 
1998.885853 13.364000 
1998.970728 -6.977000 
1999.051496 -2.831000 
1999.132264 5.813000 
1999.215771 -1.960000 
1999.299277 13.059000 
1999.382783 -10.931000 
1999.466289 4.612000 
1999.551164 18.414000 
1999.634670 14.555000 
1999.718177 2.160000 
1999.801683 14.031000 
1999.885189 6.872000 
1999.970338 4.839000 
2000.052201 12.405000 
2000.134338 2.422000 
2000.217845 1.558000 
2000.301351 0.694000 
2000.384857 -2.431000 
2000.468637 -3.332000 
2000.553238 4.821000 
2000.636471 2.422000 
2000.719977 -3.380000 
2000.803757 2.179000 
2000.887263 6.452000 
2000.972138 5.419000 
2001.053180 -0.041000 
2001.133674 6.799000 
2001.217454 -2.236000 
2001.300687 3.328000 
2001.384193 9.109000 
2001.467699 4.526000 
2001.552848 0.984000 
2001.636354 -0.020000 
2001.719860 -2.467000 
2001.803367 6.185000 
2001.886873 7.646000 
2001.971474 2.403000 
2002.052242 2.512000 
2002.119321 6.103000 
2002.216517 13.403000 
2002.300023 4.333000 
2002.383529 2.550000 
2002.467035 6.967000 
2002.551637 4.043000 
2002.635416 6.181000 
2002.718923 2.618000 
2002.802429 1.046000 
2002.885935 0.203000 
2002.971084 -1.985000 
2003.051852 1.088000 
2003.132620 4.160000 
2003.216127 -6.362000 
2003.299359 -9.678000 
2003.382865 -12.994000 
2003.467740 -10.782000 
2003.551246 -8.569000 
2003.634753 -2.791000 
2003.718259 2.987000 
2003.801765 8.766000 
2003.885271 0.281000 
2003.970146 4.674000 
2004.052557 17.403000 
2004.134694 -0.548000 
2004.218201 1.331000 
2004.301433 3.210000 
2004.384939 -10.724000 
2004.468719 0.265000 
2004.553594 -0.995000 
2004.637100 -2.254000 
2004.720606 2.954000 
2004.803839 -1.613000 
2004.887345 1.595000 
2004.972220 -0.865000 
2005.052988 0.022000 
2005.133757 -1.286000 
2005.217263 -3.013000 
2005.300769 -8.708000 
2005.384549 6.569000 
2005.468055 3.253000 
2005.552656 4.340000 
2005.636163 6.114000 
2005.719669 0.043000 
2005.803175 15.761000 
2005.886681 1.815000 
2005.971830 3.517000 
2006.052598 6.361000 
2006.133366 3.845000 
2006.216599 -0.170000 
2006.300105 6.355000 
2006.383611 18.908000 
2006.467117 -2.904000 
2006.551992 13.137000 
2006.635499 0.674000 
2006.719005 7.217000 
2006.802511 -8.481000 
2006.886017 8.731000 
2006.970892 15.671000 
2007.051660 4.494000 
2007.132429 -0.432000 
2007.215935 5.492000 
2007.299441 6.554000 
2007.382947 -8.207000 
2007.466727 -1.374000 
2007.551602 5.459000 
2007.635108 -0.099000 
2007.718615 8.879000 
2007.802121 20.780000 
2007.885627 2.885000 
2007.970502 3.732000 
2008.052365 4.835000 
2008.134503 -2.263000 
2008.218009 -7.212000 
2008.301515 6.909000 
2008.385021 5.142000 
2008.468527 -1.168000 
2008.553402 4.870000 
2008.636909 0.004000 
2008.720415 1.427000 
2008.803921 5.621000 
2008.887427 -6.704000 
2008.972302 -0.143000 
2009.053344 7.167000 
2009.134113 2.949000 
2009.217619 1.665000 
2009.301125 5.508000 
2009.384357 1.876000 
2009.467863 3.517000 
2009.553012 0.864000 
2009.636245 7.895000 
2009.719751 17.267000 
2009.803257 6.513000 
2009.886763 3.128000 
2009.971638 1.199000 
2010.052407 4.676000 
2010.133175 -2.272000 
2010.216955 10.214000 
2010.300461 4.085000 
2010.383967 14.123000 
2010.467199 0.193000 
2010.552348 4.666000 
2010.635581 -1.568000 
2010.719361 -6.580000 
2010.802867 1.124000 
2010.886099 -2.633000 
2010.970974 0.976000 
2011.051195 1.255000 
2011.132511 -7.502000 
2011.216017 13.600000 
2011.299523 1.649000 
2011.383029 -4.071000 
2011.466536 5.111000 
2011.551411 -5.877000 
2011.634917 -7.234000 
2011.718423 -14.322000 
2011.801929 -12.357000 
2011.885435 -0.140000 
